0.0
0.0
0.0
0.0
0.0
0.0
0.0
0.0
0.0
0.0
0.0
0.0
0.0
0.0
0.0
0.0
0.0
0.0
0.0
0.0
0.0
0.0
0.0
0.0
0.0
0.0
0.0
0.0
0.0
0.0
0.0
0.0
0.0
0.0
0.0
0.0
0.0
0.0
0.0
124.0
116.0
116.0
115.0
114.0
112.0
110.0
110.0
110.0
111.0
110.0
109.0
108.0
107.0
106.0
105.0
105.0
106.0
115.0
110.0
108.0
107.0
107.0
107.0
106.0
105.0
105.0
104.0
104.0
103.0
103.0
102.0
101.0
100.0
98.0
97.0
97.0
99.0
101.0
102.0
103.0
104.0
105.0
105.0
106.0
107.0
106.0
104.0
102.0
101.0
100.0
99.0
99.0
100.0
102.0
103.0
106.0
108.0
109.0
108.0
107.0
105.0
104.0
103.0
101.0
101.0
100.0
100.0
100.0
100.0
100.0
101.0
102.0
102.0
102.0
102.0
103.0
101.0
102.0
102.0
102.0
103.0
104.0
104.0
103.0
103.0
104.0
104.0
105.0
106.0
107.0
107.0
107.0
107.0
106.0
104.0
103.0
102.0
101.0
100.0
100.0
100.0
100.0
101.0
102.0
104.0
106.0
107.0
106.0
103.0
101.0
99.0
99.0
101.0
105.0
106.0
105.0
103.0
100.0
98.0
98.0
100.0
103.0
107.0
108.0
106.0
103.0
101.0
100.0
100.0
102.0
105.0
107.0
108.0
107.0
104.0
102.0
101.0
100.0
100.0
100.0
101.0
103.0
104.0
105.0
107.0
108.0
109.0
109.0
108.0
108.0
107.0
106.0
103.0
102.0
102.0
102.0
101.0
101.0
101.0
100.0
100.0
100.0
100.0
100.0
100.0
100.0
100.0
100.0
100.0
99.0
98.0
100.0
100.0
100.0
102.0
101.0
102.0
102.0
103.0
104.0
104.0
105.0
106.0
107.0
108.0
109.0
109.0
107.0
107.0
107.0
106.0
105.0
104.0
104.0
104.0
103.0
103.0
102.0
103.0
102.0
102.0
101.0
101.0
101.0
101.0
100.0
100.0
101.0
101.0
101.0
101.0
101.0
103.0
103.0
104.0
104.0
104.0
105.0
106.0
107.0
109.0
109.0
108.0
107.0
106.0
104.0
103.0
102.0
101.0
101.0
101.0
103.0
104.0
106.0
108.0
109.0
110.0
109.0
107.0
107.0
105.0
104.0
102.0
102.0
102.0
102.0
103.0
104.0
105.0
106.0
108.0
108.0
109.0
110.0
110.0
110.0
110.0
110.0
110.0
110.0
111.0
110.0
111.0
110.0
111.0
111.0
111.0
111.0
111.0
111.0
110.0
110.0
110.0
109.0
109.0
108.0
107.0
106.0
105.0
104.0
104.0
104.0
104.0
105.0
106.0
106.0
107.0
108.0
110.0
110.0
111.0
112.0
112.0
112.0
112.0
112.0
112.0
112.0
112.0
112.0
113.0
113.0
113.0
113.0
112.0
111.0
111.0
111.0
111.0
112.0
112.0
112.0
113.0
